(kicad_pcb (version 20171130) (host pcbnew "(5.1.2)-2")

  (general
    (thickness 1.6)
    (drawings 6)
    (tracks 737)
    (zones 0)
    (modules 22)
    (nets 55)
  )

  (page A4)
  (layers
    (0 F.Cu signal)
    (31 B.Cu signal)
    (32 B.Adhes user hide)
    (33 F.Adhes user hide)
    (34 B.Paste user hide)
    (35 F.Paste user hide)
    (36 B.SilkS user)
    (37 F.SilkS user)
    (38 B.Mask user)
    (39 F.Mask user)
    (40 Dwgs.User user hide)
    (41 Cmts.User user)
    (42 Eco1.User user)
    (43 Eco2.User user hide)
    (44 Edge.Cuts user)
    (45 Margin user hide)
    (46 B.CrtYd user hide)
    (47 F.CrtYd user)
    (48 B.Fab user)
    (49 F.Fab user)
  )

  (setup
    (last_trace_width 0.1524)
    (trace_clearance 0.1524)
    (zone_clearance 0.508)
    (zone_45_only no)
    (trace_min 0.1524)
    (via_size 0.6096)
    (via_drill 0.3048)
    (via_min_size 0.6096)
    (via_min_drill 0.3048)
    (uvia_size 0.3)
    (uvia_drill 0.1)
    (uvias_allowed no)
    (uvia_min_size 0.2)
    (uvia_min_drill 0.1)
    (edge_width 0.05)
    (segment_width 0.2)
    (pcb_text_width 0.3)
    (pcb_text_size 1.5 1.5)
    (mod_edge_width 0.12)
    (mod_text_size 1 1)
    (mod_text_width 0.15)
    (pad_size 1.524 1.524)
    (pad_drill 0.762)
    (pad_to_mask_clearance 0.051)
    (solder_mask_min_width 0.25)
    (aux_axis_origin 160 95)
    (grid_origin 160 95)
    (visible_elements 7FFDFFFF)
    (pcbplotparams
      (layerselection 0x010fc_ffffffff)
      (usegerberextensions true)
      (usegerberattributes false)
      (usegerberadvancedattributes false)
      (creategerberjobfile false)
      (excludeedgelayer true)
      (linewidth 0.100000)
      (plotframeref false)
      (viasonmask false)
      (mode 1)
      (useauxorigin false)
      (hpglpennumber 1)
      (hpglpenspeed 20)
      (hpglpendiameter 15.000000)
      (psnegative false)
      (psa4output false)
      (plotreference true)
      (plotvalue true)
      (plotinvisibletext false)
      (padsonsilk false)
      (subtractmaskfromsilk false)
      (outputformat 1)
      (mirror false)
      (drillshape 0)
      (scaleselection 1)
      (outputdirectory "gerber/"))
  )

  (net 0 "")
  (net 1 /t430-connector/TP_RST)
  (net 2 +5V)
  (net 3 GND)
  (net 4 +3V3)
  (net 5 "Net-(R4-Pad1)")
  (net 6 "Net-(R5-Pad1)")
  (net 7 "Net-(R6-Pad1)")
  (net 8 /Teensy2.0++/COL2)
  (net 9 /Teensy2.0++/COL3)
  (net 10 /Teensy2.0++/COL7)
  (net 11 "Net-(U1-Pad23)")
  (net 12 /Teensy2.0++/~KBD_BL_DETECT)
  (net 13 /Teensy2.0++/COL15)
  (net 14 /Teensy2.0++/COL14)
  (net 15 /Teensy2.0++/COL13)
  (net 16 /Teensy2.0++/COL12)
  (net 17 "Net-(U1-Pad32)")
  (net 18 /Teensy2.0++/COL11)
  (net 19 /Teensy2.0++/COL10)
  (net 20 "Net-(U1-Pad52)")
  (net 21 "Net-(U1-Pad18)")
  (net 22 "Net-(U1-Pad19)")
  (net 23 "Net-(U1-Pad20)")
  (net 24 /Teensy2.0++/COL6)
  (net 25 /Teensy2.0++/COL9)
  (net 26 /Teensy2.0++/COL0)
  (net 27 /Teensy2.0++/COL4)
  (net 28 /Teensy2.0++/COL5)
  (net 29 /Teensy2.0++/COL8)
  (net 30 /Teensy2.0++/COL1)
  (net 31 /Teensy2.0++/LED_PWR)
  (net 32 /Teensy2.0++/LED_MUTE)
  (net 33 /Teensy2.0++/LED_MICMUTE)
  (net 34 /Teensy2.0++/TP_CLK)
  (net 35 /Teensy2.0++/ROW2)
  (net 36 /Teensy2.0++/TP_DATA)
  (net 37 /Teensy2.0++/ROW3)
  (net 38 /Teensy2.0++/ROW0)
  (net 39 /Teensy2.0++/ROW5)
  (net 40 /Teensy2.0++/~HOTKEY)
  (net 41 /Teensy2.0++/~PWR_SWITCH)
  (net 42 /Teensy2.0++/KBD_BL_PWM)
  (net 43 /Teensy2.0++/ROW7)
  (net 44 /Teensy2.0++/ROW4)
  (net 45 /Teensy2.0++/ROW6)
  (net 46 /Teensy2.0++/ROW1)
  (net 47 /Teensy2.0++/PA0)
  (net 48 /Teensy2.0++/PA1)
  (net 49 /Teensy2.0++/PA2)
  (net 50 /Teensy2.0++/PA3)
  (net 51 /Teensy2.0++/PA4)
  (net 52 /Teensy2.0++/PA5)
  (net 53 /Teensy2.0++/PA6)
  (net 54 /Teensy2.0++/PA7)

  (net_class Default "This is the default net class."
    (clearance 0.1524)
    (trace_width 0.1524)
    (via_dia 0.6096)
    (via_drill 0.3048)
    (uvia_dia 0.3)
    (uvia_drill 0.1)
    (add_net +3V3)
    (add_net +5V)
    (add_net /Teensy2.0++/COL0)
    (add_net /Teensy2.0++/COL1)
    (add_net /Teensy2.0++/COL10)
    (add_net /Teensy2.0++/COL11)
    (add_net /Teensy2.0++/COL12)
    (add_net /Teensy2.0++/COL13)
    (add_net /Teensy2.0++/COL14)
    (add_net /Teensy2.0++/COL15)
    (add_net /Teensy2.0++/COL2)
    (add_net /Teensy2.0++/COL3)
    (add_net /Teensy2.0++/COL4)
    (add_net /Teensy2.0++/COL5)
    (add_net /Teensy2.0++/COL6)
    (add_net /Teensy2.0++/COL7)
    (add_net /Teensy2.0++/COL8)
    (add_net /Teensy2.0++/COL9)
    (add_net /Teensy2.0++/KBD_BL_PWM)
    (add_net /Teensy2.0++/LED_MICMUTE)
    (add_net /Teensy2.0++/LED_MUTE)
    (add_net /Teensy2.0++/LED_PWR)
    (add_net /Teensy2.0++/PA0)
    (add_net /Teensy2.0++/PA1)
    (add_net /Teensy2.0++/PA2)
    (add_net /Teensy2.0++/PA3)
    (add_net /Teensy2.0++/PA4)
    (add_net /Teensy2.0++/PA5)
    (add_net /Teensy2.0++/PA6)
    (add_net /Teensy2.0++/PA7)
    (add_net /Teensy2.0++/ROW0)
    (add_net /Teensy2.0++/ROW1)
    (add_net /Teensy2.0++/ROW2)
    (add_net /Teensy2.0++/ROW3)
    (add_net /Teensy2.0++/ROW4)
    (add_net /Teensy2.0++/ROW5)
    (add_net /Teensy2.0++/ROW6)
    (add_net /Teensy2.0++/ROW7)
    (add_net /Teensy2.0++/TP_CLK)
    (add_net /Teensy2.0++/TP_DATA)
    (add_net /Teensy2.0++/~HOTKEY)
    (add_net /Teensy2.0++/~KBD_BL_DETECT)
    (add_net /Teensy2.0++/~PWR_SWITCH)
    (add_net /t430-connector/TP_RST)
    (add_net GND)
    (add_net "Net-(R4-Pad1)")
    (add_net "Net-(R5-Pad1)")
    (add_net "Net-(R6-Pad1)")
    (add_net "Net-(U1-Pad18)")
    (add_net "Net-(U1-Pad19)")
    (add_net "Net-(U1-Pad20)")
    (add_net "Net-(U1-Pad23)")
    (add_net "Net-(U1-Pad32)")
    (add_net "Net-(U1-Pad52)")
  )

  (module teensy:Teensy2.0++Pads (layer F.Cu) (tedit 5D486D4A) (tstamp 5D48CC50)
    (at 219.588 75.188 180)
    (descr 20)
    (path /5D54C373/5D55F06F)
    (fp_text reference U1 (at -0.10192 0.29064) (layer F.SilkS)
      (effects (font (size 1 1) (thickness 0.15)))
    )
    (fp_text value Teensy++ (at 0 10.16) (layer F.Fab)
      (effects (font (size 1 1) (thickness 0.15)))
    )
    (fp_line (start -17.78 3.81) (end -17.78 -3.81) (layer F.SilkS) (width 0.15))
    (fp_line (start -26.67 -3.81) (end -26.67 3.81) (layer F.SilkS) (width 0.15))
    (fp_line (start -17.78 -3.81) (end -26.67 -3.81) (layer F.SilkS) (width 0.15))
    (fp_line (start -17.78 3.81) (end -26.67 3.81) (layer F.SilkS) (width 0.15))
    (fp_line (start -13.97 5.08) (end -10.16 5.08) (layer F.SilkS) (width 0.15))
    (fp_line (start -10.16 5.08) (end -10.16 3.81) (layer F.SilkS) (width 0.15))
    (fp_line (start -10.16 3.81) (end -10.16 2.54) (layer F.SilkS) (width 0.15))
    (fp_line (start -10.16 2.54) (end -13.97 2.54) (layer F.SilkS) (width 0.15))
    (fp_line (start -13.97 2.54) (end -13.97 5.08) (layer F.SilkS) (width 0.15))
    (fp_line (start 22.86 2.54) (end 19.05 2.54) (layer F.SilkS) (width 0.15))
    (fp_line (start 19.05 2.54) (end 19.05 -2.54) (layer F.SilkS) (width 0.15))
    (fp_line (start 19.05 -2.54) (end 22.86 -2.54) (layer F.SilkS) (width 0.15))
    (fp_line (start 22.86 -2.54) (end 22.86 2.54) (layer F.SilkS) (width 0.15))
    (fp_line (start 0 6.35) (end -6.35 0) (layer F.SilkS) (width 0.15))
    (fp_line (start -6.35 0) (end 0 -6.35) (layer F.SilkS) (width 0.15))
    (fp_line (start 0 -6.35) (end 6.35 0) (layer F.SilkS) (width 0.15))
    (fp_line (start 6.35 0) (end 0 6.35) (layer F.SilkS) (width 0.15))
    (fp_line (start -25.4 -8.89) (end 25.4 -8.89) (layer F.SilkS) (width 0.15))
    (fp_line (start 25.4 -8.89) (end 25.4 8.89) (layer F.SilkS) (width 0.15))
    (fp_line (start 25.4 8.89) (end -25.4 8.89) (layer F.SilkS) (width 0.15))
    (fp_line (start -25.4 8.89) (end -25.4 -8.89) (layer F.SilkS) (width 0.15))
    (pad 9 smd circle (at -3.81 7.62 180) (size 1.6 1.6) (layers F.Cu F.Paste F.Mask)
      (net 31 /Teensy2.0++/LED_PWR))
    (pad 10 smd circle (at -1.27 7.62 180) (size 1.6 1.6) (layers F.Cu F.Paste F.Mask)
      (net 32 /Teensy2.0++/LED_MUTE))
    (pad 11 smd circle (at 1.27 7.62 180) (size 1.6 1.6) (layers F.Cu F.Paste F.Mask)
      (net 33 /Teensy2.0++/LED_MICMUTE))
    (pad 8 smd circle (at -6.35 7.62 180) (size 1.6 1.6) (layers F.Cu F.Paste F.Mask)
      (net 34 /Teensy2.0++/TP_CLK))
    (pad 7 smd circle (at -8.89 7.62 180) (size 1.6 1.6) (layers F.Cu F.Paste F.Mask)
      (net 15 /Teensy2.0++/COL13))
    (pad 6 smd circle (at -11.43 7.62 180) (size 1.6 1.6) (layers F.Cu F.Paste F.Mask)
      (net 35 /Teensy2.0++/ROW2))
    (pad 5 smd circle (at -13.97 7.62 180) (size 1.6 1.6) (layers F.Cu F.Paste F.Mask)
      (net 36 /Teensy2.0++/TP_DATA))
    (pad 4 smd circle (at -16.51 7.62 180) (size 1.6 1.6) (layers F.Cu F.Paste F.Mask)
      (net 37 /Teensy2.0++/ROW3))
    (pad 3 smd circle (at -19.05 7.62 180) (size 1.6 1.6) (layers F.Cu F.Paste F.Mask)
      (net 38 /Teensy2.0++/ROW0))
    (pad 2 smd circle (at -21.59 7.62 180) (size 1.6 1.6) (layers F.Cu F.Paste F.Mask)
      (net 39 /Teensy2.0++/ROW5))
    (pad 1 smd rect (at -24.13 7.62 180) (size 1.6 1.6) (layers F.Cu F.Paste F.Mask)
      (net 3 GND))
    (pad 12 smd circle (at 3.81 7.62 180) (size 1.6 1.6) (layers F.Cu F.Paste F.Mask)
      (net 40 /Teensy2.0++/~HOTKEY))
    (pad 13 smd circle (at 6.35 7.62 180) (size 1.6 1.6) (layers F.Cu F.Paste F.Mask)
      (net 41 /Teensy2.0++/~PWR_SWITCH))
    (pad 14 smd circle (at 8.89 7.62 180) (size 1.6 1.6) (layers F.Cu F.Paste F.Mask)
      (net 13 /Teensy2.0++/COL15))
    (pad 15 smd circle (at 11.43 7.62 180) (size 1.6 1.6) (layers F.Cu F.Paste F.Mask)
      (net 16 /Teensy2.0++/COL12))
    (pad 16 smd circle (at 13.97 7.62 180) (size 1.6 1.6) (layers F.Cu F.Paste F.Mask)
      (net 42 /Teensy2.0++/KBD_BL_PWM))
    (pad 17 smd circle (at 16.51 7.62 180) (size 1.6 1.6) (layers F.Cu F.Paste F.Mask)
      (net 18 /Teensy2.0++/COL11))
    (pad 18 smd circle (at 19.05 7.62 180) (size 1.6 1.6) (layers F.Cu F.Paste F.Mask)
      (net 21 "Net-(U1-Pad18)"))
    (pad 19 smd circle (at 21.59 7.62 180) (size 1.6 1.6) (layers F.Cu F.Paste F.Mask)
      (net 22 "Net-(U1-Pad19)"))
    (pad 20 smd circle (at 24.13 7.62 180) (size 1.6 1.6) (layers F.Cu F.Paste F.Mask)
      (net 23 "Net-(U1-Pad20)"))
    (pad 21 smd circle (at 24.13 2.54 180) (size 1.6 1.6) (layers F.Cu F.Paste F.Mask)
      (net 2 +5V))
    (pad 22 smd circle (at 24.13 0 180) (size 1.6 1.6) (layers F.Cu F.Paste F.Mask)
      (net 3 GND))
    (pad 23 smd circle (at 24.13 -2.54 180) (size 1.6 1.6) (layers F.Cu F.Paste F.Mask)
      (net 11 "Net-(U1-Pad23)"))
    (pad 24 smd circle (at 24.13 -7.62 180) (size 1.6 1.6) (layers F.Cu F.Paste F.Mask)
      (net 12 /Teensy2.0++/~KBD_BL_DETECT))
    (pad 25 smd circle (at 21.59 -7.62 180) (size 1.6 1.6) (layers F.Cu F.Paste F.Mask)
      (net 27 /Teensy2.0++/COL4))
    (pad 26 smd circle (at 19.05 -7.62 180) (size 1.6 1.6) (layers F.Cu F.Paste F.Mask)
      (net 28 /Teensy2.0++/COL5))
    (pad 27 smd circle (at 16.51 -7.62 180) (size 1.6 1.6) (layers F.Cu F.Paste F.Mask)
      (net 29 /Teensy2.0++/COL8))
    (pad 28 smd circle (at 13.97 -7.62 180) (size 1.6 1.6) (layers F.Cu F.Paste F.Mask)
      (net 24 /Teensy2.0++/COL6))
    (pad 29 smd circle (at 11.43 -7.62 180) (size 1.6 1.6) (layers F.Cu F.Paste F.Mask)
      (net 9 /Teensy2.0++/COL3))
    (pad 30 smd circle (at 8.89 -7.62 180) (size 1.6 1.6) (layers F.Cu F.Paste F.Mask)
      (net 10 /Teensy2.0++/COL7))
    (pad 31 smd circle (at 6.35 -7.62 180) (size 1.6 1.6) (layers F.Cu F.Paste F.Mask)
      (net 8 /Teensy2.0++/COL2))
    (pad 32 smd circle (at 3.81 -7.62 180) (size 1.6 1.6) (layers F.Cu F.Paste F.Mask)
      (net 17 "Net-(U1-Pad32)"))
    (pad 33 smd circle (at 1.27 -7.62 180) (size 1.6 1.6) (layers F.Cu F.Paste F.Mask)
      (net 3 GND))
    (pad 34 smd circle (at -1.27 -7.62 180) (size 1.6 1.6) (layers F.Cu F.Paste F.Mask)
      (net 19 /Teensy2.0++/COL10))
    (pad 35 smd circle (at -3.81 -7.62 180) (size 1.6 1.6) (layers F.Cu F.Paste F.Mask)
      (net 30 /Teensy2.0++/COL1))
    (pad 36 smd circle (at -6.35 -7.62 180) (size 1.6 1.6) (layers F.Cu F.Paste F.Mask)
      (net 25 /Teensy2.0++/COL9))
    (pad 37 smd circle (at -8.89 -7.62 180) (size 1.6 1.6) (layers F.Cu F.Paste F.Mask)
      (net 26 /Teensy2.0++/COL0))
    (pad 38 smd circle (at -11.43 -7.62 180) (size 1.6 1.6) (layers F.Cu F.Paste F.Mask)
      (net 43 /Teensy2.0++/ROW7))
    (pad 39 smd circle (at -13.97 -7.62 180) (size 1.6 1.6) (layers F.Cu F.Paste F.Mask)
      (net 14 /Teensy2.0++/COL14))
    (pad 40 smd circle (at -16.51 -7.62 180) (size 1.6 1.6) (layers F.Cu F.Paste F.Mask)
      (net 44 /Teensy2.0++/ROW4))
    (pad 41 smd circle (at -19.05 -7.62 180) (size 1.6 1.6) (layers F.Cu F.Paste F.Mask)
      (net 45 /Teensy2.0++/ROW6))
    (pad 42 smd circle (at -21.59 -7.62 180) (size 1.6 1.6) (layers F.Cu F.Paste F.Mask)
      (net 46 /Teensy2.0++/ROW1))
    (pad 43 smd circle (at -24.13 -7.62 180) (size 1.6 1.6) (layers F.Cu F.Paste F.Mask)
      (net 2 +5V))
    (pad 44 smd circle (at 8.89 -2.54 180) (size 1.6 1.6) (layers F.Cu F.Paste F.Mask)
      (net 47 /Teensy2.0++/PA0))
    (pad 45 smd circle (at 11.43 -2.54 180) (size 1.6 1.6) (layers F.Cu F.Paste F.Mask)
      (net 48 /Teensy2.0++/PA1))
    (pad 46 smd circle (at 13.97 -2.54 180) (size 1.6 1.6) (layers F.Cu F.Paste F.Mask)
      (net 49 /Teensy2.0++/PA2))
    (pad 47 smd circle (at 16.51 -2.54 180) (size 1.6 1.6) (layers F.Cu F.Paste F.Mask)
      (net 50 /Teensy2.0++/PA3))
    (pad 48 smd circle (at 8.89 0 180) (size 1.6 1.6) (layers F.Cu F.Paste F.Mask)
      (net 51 /Teensy2.0++/PA4))
    (pad 49 smd circle (at 11.43 0 180) (size 1.6 1.6) (layers F.Cu F.Paste F.Mask)
      (net 52 /Teensy2.0++/PA5))
    (pad 50 smd circle (at 13.97 0 180) (size 1.6 1.6) (layers F.Cu F.Paste F.Mask)
      (net 53 /Teensy2.0++/PA6))
    (pad 51 smd circle (at 16.51 0 180) (size 1.6 1.6) (layers F.Cu F.Paste F.Mask)
      (net 54 /Teensy2.0++/PA7))
    (pad 52 smd circle (at 16.51 2.54 180) (size 1.6 1.6) (layers F.Cu F.Paste F.Mask)
      (net 20 "Net-(U1-Pad52)"))
  )

  (module Capacitor_SMD:C_0805_2012Metric_Pad1.15x1.40mm_HandSolder (layer F.Cu) (tedit 5B36C52B) (tstamp 5D48D19C)
    (at 177.8 89.154 90)
    (descr "Capacitor SMD 0805 (2012 Metric), square (rectangular) end terminal, IPC_7351 nominal with elongated pad for handsoldering. (Body size source: https://docs.google.com/spreadsheets/d/1BsfQQcO9C6DZCsRaXUlFlo91Tg2WpOkGARC1WS5S8t0/edit?usp=sharing), generated with kicad-footprint-generator")
    (tags "capacitor handsolder")
    (path /5D4876A5/5D48D007)
    (attr smd)
    (fp_text reference C1 (at -2.544 -0.02 90) (layer F.SilkS)
      (effects (font (size 1 1) (thickness 0.15)))
    )
    (fp_text value 2.2u (at 0 1.65 90) (layer F.Fab)
      (effects (font (size 1 1) (thickness 0.15)))
    )
    (fp_text user %R (at 0 0 90) (layer F.Fab)
      (effects (font (size 0.5 0.5) (thickness 0.08)))
    )
    (fp_line (start 1.85 0.95) (end -1.85 0.95) (layer F.CrtYd) (width 0.05))
    (fp_line (start 1.85 -0.95) (end 1.85 0.95) (layer F.CrtYd) (width 0.05))
    (fp_line (start -1.85 -0.95) (end 1.85 -0.95) (layer F.CrtYd) (width 0.05))
    (fp_line (start -1.85 0.95) (end -1.85 -0.95) (layer F.CrtYd) (width 0.05))
    (fp_line (start -0.261252 0.71) (end 0.261252 0.71) (layer F.SilkS) (width 0.12))
    (fp_line (start -0.261252 -0.71) (end 0.261252 -0.71) (layer F.SilkS) (width 0.12))
    (fp_line (start 1 0.6) (end -1 0.6) (layer F.Fab) (width 0.1))
    (fp_line (start 1 -0.6) (end 1 0.6) (layer F.Fab) (width 0.1))
    (fp_line (start -1 -0.6) (end 1 -0.6) (layer F.Fab) (width 0.1))
    (fp_line (start -1 0.6) (end -1 -0.6) (layer F.Fab) (width 0.1))
    (pad 2 smd roundrect (at 1.025 0 90) (size 1.15 1.4) (layers F.Cu F.Paste F.Mask) (roundrect_rratio 0.217391)
      (net 1 /t430-connector/TP_RST))
    (pad 1 smd roundrect (at -1.025 0 90) (size 1.15 1.4) (layers F.Cu F.Paste F.Mask) (roundrect_rratio 0.217391)
      (net 2 +5V))
    (model ${KISYS3DMOD}/Capacitor_SMD.3dshapes/C_0805_2012Metric.wrl
      (at (xyz 0 0 0))
      (scale (xyz 1 1 1))
      (rotate (xyz 0 0 0))
    )
  )

  (module Capacitor_SMD:C_0603_1608Metric (layer F.Cu) (tedit 5B301BBE) (tstamp 5D48BFF0)
    (at 172.466 67.056 90)
    (descr "Capacitor SMD 0603 (1608 Metric), square (rectangular) end terminal, IPC_7351 nominal, (Body size source: http://www.tortai-tech.com/upload/download/2011102023233369053.pdf), generated with kicad-footprint-generator")
    (tags capacitor)
    (path /5D4876A5/5D48D0AC)
    (attr smd)
    (fp_text reference C2 (at 2.79 -0.02 90) (layer F.SilkS)
      (effects (font (size 1 1) (thickness 0.15)))
    )
    (fp_text value 220p (at 0 1.43 90) (layer F.Fab)
      (effects (font (size 1 1) (thickness 0.15)))
    )
    (fp_line (start -0.8 0.4) (end -0.8 -0.4) (layer F.Fab) (width 0.1))
    (fp_line (start -0.8 -0.4) (end 0.8 -0.4) (layer F.Fab) (width 0.1))
    (fp_line (start 0.8 -0.4) (end 0.8 0.4) (layer F.Fab) (width 0.1))
    (fp_line (start 0.8 0.4) (end -0.8 0.4) (layer F.Fab) (width 0.1))
    (fp_line (start -0.162779 -0.51) (end 0.162779 -0.51) (layer F.SilkS) (width 0.12))
    (fp_line (start -0.162779 0.51) (end 0.162779 0.51) (layer F.SilkS) (width 0.12))
    (fp_line (start -1.48 0.73) (end -1.48 -0.73) (layer F.CrtYd) (width 0.05))
    (fp_line (start -1.48 -0.73) (end 1.48 -0.73) (layer F.CrtYd) (width 0.05))
    (fp_line (start 1.48 -0.73) (end 1.48 0.73) (layer F.CrtYd) (width 0.05))
    (fp_line (start 1.48 0.73) (end -1.48 0.73) (layer F.CrtYd) (width 0.05))
    (fp_text user %R (at 0 0 90) (layer F.Fab)
      (effects (font (size 0.4 0.4) (thickness 0.06)))
    )
    (pad 1 smd roundrect (at -0.7875 0 90) (size 0.875 0.95) (layers F.Cu F.Paste F.Mask) (roundrect_rratio 0.25)
      (net 42 /Teensy2.0++/KBD_BL_PWM))
    (pad 2 smd roundrect (at 0.7875 0 90) (size 0.875 0.95) (layers F.Cu F.Paste F.Mask) (roundrect_rratio 0.25)
      (net 3 GND))
    (model ${KISYS3DMOD}/Capacitor_SMD.3dshapes/C_0603_1608Metric.wrl
      (at (xyz 0 0 0))
      (scale (xyz 1 1 1))
      (rotate (xyz 0 0 0))
    )
  )

  (module Capacitor_SMD:C_0603_1608Metric (layer F.Cu) (tedit 5B301BBE) (tstamp 5D48C001)
    (at 176.53 67.0815 90)
    (descr "Capacitor SMD 0603 (1608 Metric), square (rectangular) end terminal, IPC_7351 nominal, (Body size source: http://www.tortai-tech.com/upload/download/2011102023233369053.pdf), generated with kicad-footprint-generator")
    (tags capacitor)
    (path /5D4876A5/5D48CFB3)
    (attr smd)
    (fp_text reference C3 (at 2.8155 -0.02 90) (layer F.SilkS)
      (effects (font (size 1 1) (thickness 0.15)))
    )
    (fp_text value 100n (at 0 1.43 90) (layer F.Fab)
      (effects (font (size 1 1) (thickness 0.15)))
    )
    (fp_text user %R (at 0 0 90) (layer F.Fab)
      (effects (font (size 0.4 0.4) (thickness 0.06)))
    )
    (fp_line (start 1.48 0.73) (end -1.48 0.73) (layer F.CrtYd) (width 0.05))
    (fp_line (start 1.48 -0.73) (end 1.48 0.73) (layer F.CrtYd) (width 0.05))
    (fp_line (start -1.48 -0.73) (end 1.48 -0.73) (layer F.CrtYd) (width 0.05))
    (fp_line (start -1.48 0.73) (end -1.48 -0.73) (layer F.CrtYd) (width 0.05))
    (fp_line (start -0.162779 0.51) (end 0.162779 0.51) (layer F.SilkS) (width 0.12))
    (fp_line (start -0.162779 -0.51) (end 0.162779 -0.51) (layer F.SilkS) (width 0.12))
    (fp_line (start 0.8 0.4) (end -0.8 0.4) (layer F.Fab) (width 0.1))
    (fp_line (start 0.8 -0.4) (end 0.8 0.4) (layer F.Fab) (width 0.1))
    (fp_line (start -0.8 -0.4) (end 0.8 -0.4) (layer F.Fab) (width 0.1))
    (fp_line (start -0.8 0.4) (end -0.8 -0.4) (layer F.Fab) (width 0.1))
    (pad 2 smd roundrect (at 0.7875 0 90) (size 0.875 0.95) (layers F.Cu F.Paste F.Mask) (roundrect_rratio 0.25)
      (net 3 GND))
    (pad 1 smd roundrect (at -0.7875 0 90) (size 0.875 0.95) (layers F.Cu F.Paste F.Mask) (roundrect_rratio 0.25)
      (net 4 +3V3))
    (model ${KISYS3DMOD}/Capacitor_SMD.3dshapes/C_0603_1608Metric.wrl
      (at (xyz 0 0 0))
      (scale (xyz 1 1 1))
      (rotate (xyz 0 0 0))
    )
  )

  (module Capacitor_SMD:C_0603_1608Metric (layer F.Cu) (tedit 5B301BBE) (tstamp 5D48C012)
    (at 173.99 88.646 270)
    (descr "Capacitor SMD 0603 (1608 Metric), square (rectangular) end terminal, IPC_7351 nominal, (Body size source: http://www.tortai-tech.com/upload/download/2011102023233369053.pdf), generated with kicad-footprint-generator")
    (tags capacitor)
    (path /5D4876A5/5D48CFAD)
    (attr smd)
    (fp_text reference C4 (at 2.798 0.02 90) (layer F.SilkS)
      (effects (font (size 1 1) (thickness 0.15)))
    )
    (fp_text value 100n (at 0 1.43 90) (layer F.Fab)
      (effects (font (size 1 1) (thickness 0.15)))
    )
    (fp_line (start -0.8 0.4) (end -0.8 -0.4) (layer F.Fab) (width 0.1))
    (fp_line (start -0.8 -0.4) (end 0.8 -0.4) (layer F.Fab) (width 0.1))
    (fp_line (start 0.8 -0.4) (end 0.8 0.4) (layer F.Fab) (width 0.1))
    (fp_line (start 0.8 0.4) (end -0.8 0.4) (layer F.Fab) (width 0.1))
    (fp_line (start -0.162779 -0.51) (end 0.162779 -0.51) (layer F.SilkS) (width 0.12))
    (fp_line (start -0.162779 0.51) (end 0.162779 0.51) (layer F.SilkS) (width 0.12))
    (fp_line (start -1.48 0.73) (end -1.48 -0.73) (layer F.CrtYd) (width 0.05))
    (fp_line (start -1.48 -0.73) (end 1.48 -0.73) (layer F.CrtYd) (width 0.05))
    (fp_line (start 1.48 -0.73) (end 1.48 0.73) (layer F.CrtYd) (width 0.05))
    (fp_line (start 1.48 0.73) (end -1.48 0.73) (layer F.CrtYd) (width 0.05))
    (fp_text user %R (at 0 0 90) (layer F.Fab)
      (effects (font (size 0.4 0.4) (thickness 0.06)))
    )
    (pad 1 smd roundrect (at -0.7875 0 270) (size 0.875 0.95) (layers F.Cu F.Paste F.Mask) (roundrect_rratio 0.25)
      (net 2 +5V))
    (pad 2 smd roundrect (at 0.7875 0 270) (size 0.875 0.95) (layers F.Cu F.Paste F.Mask) (roundrect_rratio 0.25)
      (net 3 GND))
    (model ${KISYS3DMOD}/Capacitor_SMD.3dshapes/C_0603_1608Metric.wrl
      (at (xyz 0 0 0))
      (scale (xyz 1 1 1))
      (rotate (xyz 0 0 0))
    )
  )

  (module Capacitor_SMD:C_0805_2012Metric_Pad1.15x1.40mm_HandSolder (layer F.Cu) (tedit 5B36C52B) (tstamp 5D48D1FC)
    (at 186.445 80.772)
    (descr "Capacitor SMD 0805 (2012 Metric), square (rectangular) end terminal, IPC_7351 nominal with elongated pad for handsoldering. (Body size source: https://docs.google.com/spreadsheets/d/1BsfQQcO9C6DZCsRaXUlFlo91Tg2WpOkGARC1WS5S8t0/edit?usp=sharing), generated with kicad-footprint-generator")
    (tags "capacitor handsolder")
    (path /5D4876A5/5D48CFA7)
    (attr smd)
    (fp_text reference C5 (at 3.019 0.004) (layer F.SilkS)
      (effects (font (size 1 1) (thickness 0.15)))
    )
    (fp_text value 10u (at 0 1.65) (layer F.Fab)
      (effects (font (size 1 1) (thickness 0.15)))
    )
    (fp_line (start -1 0.6) (end -1 -0.6) (layer F.Fab) (width 0.1))
    (fp_line (start -1 -0.6) (end 1 -0.6) (layer F.Fab) (width 0.1))
    (fp_line (start 1 -0.6) (end 1 0.6) (layer F.Fab) (width 0.1))
    (fp_line (start 1 0.6) (end -1 0.6) (layer F.Fab) (width 0.1))
    (fp_line (start -0.261252 -0.71) (end 0.261252 -0.71) (layer F.SilkS) (width 0.12))
    (fp_line (start -0.261252 0.71) (end 0.261252 0.71) (layer F.SilkS) (width 0.12))
    (fp_line (start -1.85 0.95) (end -1.85 -0.95) (layer F.CrtYd) (width 0.05))
    (fp_line (start -1.85 -0.95) (end 1.85 -0.95) (layer F.CrtYd) (width 0.05))
    (fp_line (start 1.85 -0.95) (end 1.85 0.95) (layer F.CrtYd) (width 0.05))
    (fp_line (start 1.85 0.95) (end -1.85 0.95) (layer F.CrtYd) (width 0.05))
    (fp_text user %R (at 0 0) (layer F.Fab)
      (effects (font (size 0.5 0.5) (thickness 0.08)))
    )
    (pad 1 smd roundrect (at -1.025 0) (size 1.15 1.4) (layers F.Cu F.Paste F.Mask) (roundrect_rratio 0.217391)
      (net 2 +5V))
    (pad 2 smd roundrect (at 1.025 0) (size 1.15 1.4) (layers F.Cu F.Paste F.Mask) (roundrect_rratio 0.217391)
      (net 3 GND))
    (model ${KISYS3DMOD}/Capacitor_SMD.3dshapes/C_0805_2012Metric.wrl
      (at (xyz 0 0 0))
      (scale (xyz 1 1 1))
      (rotate (xyz 0 0 0))
    )
  )

  (module Capacitor_SMD:C_0805_2012Metric_Pad1.15x1.40mm_HandSolder (layer F.Cu) (tedit 5B36C52B) (tstamp 5D48D22C)
    (at 186.427 78.74)
    (descr "Capacitor SMD 0805 (2012 Metric), square (rectangular) end terminal, IPC_7351 nominal with elongated pad for handsoldering. (Body size source: https://docs.google.com/spreadsheets/d/1BsfQQcO9C6DZCsRaXUlFlo91Tg2WpOkGARC1WS5S8t0/edit?usp=sharing), generated with kicad-footprint-generator")
    (tags "capacitor handsolder")
    (path /5D4876A5/5D48CFA1)
    (attr smd)
    (fp_text reference C6 (at 3.037 0.004) (layer F.SilkS)
      (effects (font (size 1 1) (thickness 0.15)))
    )
    (fp_text value 10u (at 0 1.65) (layer F.Fab)
      (effects (font (size 1 1) (thickness 0.15)))
    )
    (fp_text user %R (at 0 0) (layer F.Fab)
      (effects (font (size 0.5 0.5) (thickness 0.08)))
    )
    (fp_line (start 1.85 0.95) (end -1.85 0.95) (layer F.CrtYd) (width 0.05))
    (fp_line (start 1.85 -0.95) (end 1.85 0.95) (layer F.CrtYd) (width 0.05))
    (fp_line (start -1.85 -0.95) (end 1.85 -0.95) (layer F.CrtYd) (width 0.05))
    (fp_line (start -1.85 0.95) (end -1.85 -0.95) (layer F.CrtYd) (width 0.05))
    (fp_line (start -0.261252 0.71) (end 0.261252 0.71) (layer F.SilkS) (width 0.12))
    (fp_line (start -0.261252 -0.71) (end 0.261252 -0.71) (layer F.SilkS) (width 0.12))
    (fp_line (start 1 0.6) (end -1 0.6) (layer F.Fab) (width 0.1))
    (fp_line (start 1 -0.6) (end 1 0.6) (layer F.Fab) (width 0.1))
    (fp_line (start -1 -0.6) (end 1 -0.6) (layer F.Fab) (width 0.1))
    (fp_line (start -1 0.6) (end -1 -0.6) (layer F.Fab) (width 0.1))
    (pad 2 smd roundrect (at 1.025 0) (size 1.15 1.4) (layers F.Cu F.Paste F.Mask) (roundrect_rratio 0.217391)
      (net 3 GND))
    (pad 1 smd roundrect (at -1.025 0) (size 1.15 1.4) (layers F.Cu F.Paste F.Mask) (roundrect_rratio 0.217391)
      (net 2 +5V))
    (model ${KISYS3DMOD}/Capacitor_SMD.3dshapes/C_0805_2012Metric.wrl
      (at (xyz 0 0 0))
      (scale (xyz 1 1 1))
      (rotate (xyz 0 0 0))
    )
  )

  (module Capacitor_SMD:C_0805_2012Metric_Pad1.15x1.40mm_HandSolder (layer F.Cu) (tedit 5B36C52B) (tstamp 5D48C045)
    (at 186.445 76.708)
    (descr "Capacitor SMD 0805 (2012 Metric), square (rectangular) end terminal, IPC_7351 nominal with elongated pad for handsoldering. (Body size source: https://docs.google.com/spreadsheets/d/1BsfQQcO9C6DZCsRaXUlFlo91Tg2WpOkGARC1WS5S8t0/edit?usp=sharing), generated with kicad-footprint-generator")
    (tags "capacitor handsolder")
    (path /5D4876A5/5D48AAB2)
    (attr smd)
    (fp_text reference C7 (at 3.019 0.004) (layer F.SilkS)
      (effects (font (size 1 1) (thickness 0.15)))
    )
    (fp_text value 10u (at 0 1.65) (layer F.Fab)
      (effects (font (size 1 1) (thickness 0.15)))
    )
    (fp_line (start -1 0.6) (end -1 -0.6) (layer F.Fab) (width 0.1))
    (fp_line (start -1 -0.6) (end 1 -0.6) (layer F.Fab) (width 0.1))
    (fp_line (start 1 -0.6) (end 1 0.6) (layer F.Fab) (width 0.1))
    (fp_line (start 1 0.6) (end -1 0.6) (layer F.Fab) (width 0.1))
    (fp_line (start -0.261252 -0.71) (end 0.261252 -0.71) (layer F.SilkS) (width 0.12))
    (fp_line (start -0.261252 0.71) (end 0.261252 0.71) (layer F.SilkS) (width 0.12))
    (fp_line (start -1.85 0.95) (end -1.85 -0.95) (layer F.CrtYd) (width 0.05))
    (fp_line (start -1.85 -0.95) (end 1.85 -0.95) (layer F.CrtYd) (width 0.05))
    (fp_line (start 1.85 -0.95) (end 1.85 0.95) (layer F.CrtYd) (width 0.05))
    (fp_line (start 1.85 0.95) (end -1.85 0.95) (layer F.CrtYd) (width 0.05))
    (fp_text user %R (at 0 0) (layer F.Fab)
      (effects (font (size 0.5 0.5) (thickness 0.08)))
    )
    (pad 1 smd roundrect (at -1.025 0) (size 1.15 1.4) (layers F.Cu F.Paste F.Mask) (roundrect_rratio 0.217391)
      (net 2 +5V))
    (pad 2 smd roundrect (at 1.025 0) (size 1.15 1.4) (layers F.Cu F.Paste F.Mask) (roundrect_rratio 0.217391)
      (net 3 GND))
    (model ${KISYS3DMOD}/Capacitor_SMD.3dshapes/C_0805_2012Metric.wrl
      (at (xyz 0 0 0))
      (scale (xyz 1 1 1))
      (rotate (xyz 0 0 0))
    )
  )

  (module Capacitor_SMD:C_0805_2012Metric_Pad1.15x1.40mm_HandSolder (layer F.Cu) (tedit 5B36C52B) (tstamp 5D48D1CC)
    (at 186.427 74.676)
    (descr "Capacitor SMD 0805 (2012 Metric), square (rectangular) end terminal, IPC_7351 nominal with elongated pad for handsoldering. (Body size source: https://docs.google.com/spreadsheets/d/1BsfQQcO9C6DZCsRaXUlFlo91Tg2WpOkGARC1WS5S8t0/edit?usp=sharing), generated with kicad-footprint-generator")
    (tags "capacitor handsolder")
    (path /5D4876A5/5D48ACF5)
    (attr smd)
    (fp_text reference C8 (at 3.037 0.004) (layer F.SilkS)
      (effects (font (size 1 1) (thickness 0.15)))
    )
    (fp_text value 10u (at 0 1.65) (layer F.Fab)
      (effects (font (size 1 1) (thickness 0.15)))
    )
    (fp_text user %R (at 0 0) (layer F.Fab)
      (effects (font (size 0.5 0.5) (thickness 0.08)))
    )
    (fp_line (start 1.85 0.95) (end -1.85 0.95) (layer F.CrtYd) (width 0.05))
    (fp_line (start 1.85 -0.95) (end 1.85 0.95) (layer F.CrtYd) (width 0.05))
    (fp_line (start -1.85 -0.95) (end 1.85 -0.95) (layer F.CrtYd) (width 0.05))
    (fp_line (start -1.85 0.95) (end -1.85 -0.95) (layer F.CrtYd) (width 0.05))
    (fp_line (start -0.261252 0.71) (end 0.261252 0.71) (layer F.SilkS) (width 0.12))
    (fp_line (start -0.261252 -0.71) (end 0.261252 -0.71) (layer F.SilkS) (width 0.12))
    (fp_line (start 1 0.6) (end -1 0.6) (layer F.Fab) (width 0.1))
    (fp_line (start 1 -0.6) (end 1 0.6) (layer F.Fab) (width 0.1))
    (fp_line (start -1 -0.6) (end 1 -0.6) (layer F.Fab) (width 0.1))
    (fp_line (start -1 0.6) (end -1 -0.6) (layer F.Fab) (width 0.1))
    (pad 2 smd roundrect (at 1.025 0) (size 1.15 1.4) (layers F.Cu F.Paste F.Mask) (roundrect_rratio 0.217391)
      (net 3 GND))
    (pad 1 smd roundrect (at -1.025 0) (size 1.15 1.4) (layers F.Cu F.Paste F.Mask) (roundrect_rratio 0.217391)
      (net 2 +5V))
    (model ${KISYS3DMOD}/Capacitor_SMD.3dshapes/C_0805_2012Metric.wrl
      (at (xyz 0 0 0))
      (scale (xyz 1 1 1))
      (rotate (xyz 0 0 0))
    )
  )

  (module Capacitor_SMD:C_0805_2012Metric_Pad1.15x1.40mm_HandSolder (layer F.Cu) (tedit 5B36C52B) (tstamp 5D48C067)
    (at 183.134 70.104 90)
    (descr "Capacitor SMD 0805 (2012 Metric), square (rectangular) end terminal, IPC_7351 nominal with elongated pad for handsoldering. (Body size source: https://docs.google.com/spreadsheets/d/1BsfQQcO9C6DZCsRaXUlFlo91Tg2WpOkGARC1WS5S8t0/edit?usp=sharing), generated with kicad-footprint-generator")
    (tags "capacitor handsolder")
    (path /5D491B51/5D492895)
    (attr smd)
    (fp_text reference C9 (at -3.052 -0.02 90) (layer F.SilkS)
      (effects (font (size 1 1) (thickness 0.15)))
    )
    (fp_text value 1u (at 0 1.65 90) (layer F.Fab)
      (effects (font (size 1 1) (thickness 0.15)))
    )
    (fp_line (start -1 0.6) (end -1 -0.6) (layer F.Fab) (width 0.1))
    (fp_line (start -1 -0.6) (end 1 -0.6) (layer F.Fab) (width 0.1))
    (fp_line (start 1 -0.6) (end 1 0.6) (layer F.Fab) (width 0.1))
    (fp_line (start 1 0.6) (end -1 0.6) (layer F.Fab) (width 0.1))
    (fp_line (start -0.261252 -0.71) (end 0.261252 -0.71) (layer F.SilkS) (width 0.12))
    (fp_line (start -0.261252 0.71) (end 0.261252 0.71) (layer F.SilkS) (width 0.12))
    (fp_line (start -1.85 0.95) (end -1.85 -0.95) (layer F.CrtYd) (width 0.05))
    (fp_line (start -1.85 -0.95) (end 1.85 -0.95) (layer F.CrtYd) (width 0.05))
    (fp_line (start 1.85 -0.95) (end 1.85 0.95) (layer F.CrtYd) (width 0.05))
    (fp_line (start 1.85 0.95) (end -1.85 0.95) (layer F.CrtYd) (width 0.05))
    (fp_text user %R (at 0 0 90) (layer F.Fab)
      (effects (font (size 0.5 0.5) (thickness 0.08)))
    )
    (pad 1 smd roundrect (at -1.025 0 90) (size 1.15 1.4) (layers F.Cu F.Paste F.Mask) (roundrect_rratio 0.217391)
      (net 2 +5V))
    (pad 2 smd roundrect (at 1.025 0 90) (size 1.15 1.4) (layers F.Cu F.Paste F.Mask) (roundrect_rratio 0.217391)
      (net 3 GND))
    (model ${KISYS3DMOD}/Capacitor_SMD.3dshapes/C_0805_2012Metric.wrl
      (at (xyz 0 0 0))
      (scale (xyz 1 1 1))
      (rotate (xyz 0 0 0))
    )
  )

  (module Capacitor_SMD:C_0805_2012Metric_Pad1.15x1.40mm_HandSolder (layer F.Cu) (tedit 5B36C52B) (tstamp 5D48C078)
    (at 186.445 66.04 180)
    (descr "Capacitor SMD 0805 (2012 Metric), square (rectangular) end terminal, IPC_7351 nominal with elongated pad for handsoldering. (Body size source: https://docs.google.com/spreadsheets/d/1BsfQQcO9C6DZCsRaXUlFlo91Tg2WpOkGARC1WS5S8t0/edit?usp=sharing), generated with kicad-footprint-generator")
    (tags "capacitor handsolder")
    (path /5D491B51/5D49310C)
    (attr smd)
    (fp_text reference C10 (at 0 1.774) (layer F.SilkS)
      (effects (font (size 1 1) (thickness 0.15)))
    )
    (fp_text value 1u (at 0 1.65) (layer F.Fab)
      (effects (font (size 1 1) (thickness 0.15)))
    )
    (fp_line (start -1 0.6) (end -1 -0.6) (layer F.Fab) (width 0.1))
    (fp_line (start -1 -0.6) (end 1 -0.6) (layer F.Fab) (width 0.1))
    (fp_line (start 1 -0.6) (end 1 0.6) (layer F.Fab) (width 0.1))
    (fp_line (start 1 0.6) (end -1 0.6) (layer F.Fab) (width 0.1))
    (fp_line (start -0.261252 -0.71) (end 0.261252 -0.71) (layer F.SilkS) (width 0.12))
    (fp_line (start -0.261252 0.71) (end 0.261252 0.71) (layer F.SilkS) (width 0.12))
    (fp_line (start -1.85 0.95) (end -1.85 -0.95) (layer F.CrtYd) (width 0.05))
    (fp_line (start -1.85 -0.95) (end 1.85 -0.95) (layer F.CrtYd) (width 0.05))
    (fp_line (start 1.85 -0.95) (end 1.85 0.95) (layer F.CrtYd) (width 0.05))
    (fp_line (start 1.85 0.95) (end -1.85 0.95) (layer F.CrtYd) (width 0.05))
    (fp_text user %R (at 0 0) (layer F.Fab)
      (effects (font (size 0.5 0.5) (thickness 0.08)))
    )
    (pad 1 smd roundrect (at -1.025 0 180) (size 1.15 1.4) (layers F.Cu F.Paste F.Mask) (roundrect_rratio 0.217391)
      (net 4 +3V3))
    (pad 2 smd roundrect (at 1.025 0 180) (size 1.15 1.4) (layers F.Cu F.Paste F.Mask) (roundrect_rratio 0.217391)
      (net 3 GND))
    (model ${KISYS3DMOD}/Capacitor_SMD.3dshapes/C_0805_2012Metric.wrl
      (at (xyz 0 0 0))
      (scale (xyz 1 1 1))
      (rotate (xyz 0 0 0))
    )
  )

  (module Resistor_SMD:R_0603_1608Metric_Pad1.05x0.95mm_HandSolder (layer F.Cu) (tedit 5B301BBD) (tstamp 5D48C089)
    (at 180.086 67.056 270)
    (descr "Resistor SMD 0603 (1608 Metric), square (rectangular) end terminal, IPC_7351 nominal with elongated pad for handsoldering. (Body size source: http://www.tortai-tech.com/upload/download/2011102023233369053.pdf), generated with kicad-footprint-generator")
    (tags "resistor handsolder")
    (path /5D4876A5/5D48CFE7)
    (attr smd)
    (fp_text reference R1 (at -2.79 0.02 90) (layer F.SilkS)
      (effects (font (size 1 1) (thickness 0.15)))
    )
    (fp_text value 4.7K (at 0 1.43 90) (layer F.Fab)
      (effects (font (size 1 1) (thickness 0.15)))
    )
    (fp_line (start -0.8 0.4) (end -0.8 -0.4) (layer F.Fab) (width 0.1))
    (fp_line (start -0.8 -0.4) (end 0.8 -0.4) (layer F.Fab) (width 0.1))
    (fp_line (start 0.8 -0.4) (end 0.8 0.4) (layer F.Fab) (width 0.1))
    (fp_line (start 0.8 0.4) (end -0.8 0.4) (layer F.Fab) (width 0.1))
    (fp_line (start -0.171267 -0.51) (end 0.171267 -0.51) (layer F.SilkS) (width 0.12))
    (fp_line (start -0.171267 0.51) (end 0.171267 0.51) (layer F.SilkS) (width 0.12))
    (fp_line (start -1.65 0.73) (end -1.65 -0.73) (layer F.CrtYd) (width 0.05))
    (fp_line (start -1.65 -0.73) (end 1.65 -0.73) (layer F.CrtYd) (width 0.05))
    (fp_line (start 1.65 -0.73) (end 1.65 0.73) (layer F.CrtYd) (width 0.05))
    (fp_line (start 1.65 0.73) (end -1.65 0.73) (layer F.CrtYd) (width 0.05))
    (fp_text user %R (at 0 0 90) (layer F.Fab)
      (effects (font (size 0.4 0.4) (thickness 0.06)))
    )
    (pad 1 smd roundrect (at -0.875 0 270) (size 1.05 0.95) (layers F.Cu F.Paste F.Mask) (roundrect_rratio 0.25)
      (net 2 +5V))
    (pad 2 smd roundrect (at 0.875 0 270) (size 1.05 0.95) (layers F.Cu F.Paste F.Mask) (roundrect_rratio 0.25)
      (net 34 /Teensy2.0++/TP_CLK))
    (model ${KISYS3DMOD}/Resistor_SMD.3dshapes/R_0603_1608Metric.wrl
      (at (xyz 0 0 0))
      (scale (xyz 1 1 1))
      (rotate (xyz 0 0 0))
    )
  )

  (module Resistor_SMD:R_0603_1608Metric_Pad1.05x0.95mm_HandSolder (layer F.Cu) (tedit 5B301BBD) (tstamp 5D48CFC5)
    (at 178.308 67.056 270)
    (descr "Resistor SMD 0603 (1608 Metric), square (rectangular) end terminal, IPC_7351 nominal with elongated pad for handsoldering. (Body size source: http://www.tortai-tech.com/upload/download/2011102023233369053.pdf), generated with kicad-footprint-generator")
    (tags "resistor handsolder")
    (path /5D4876A5/5D48CFED)
    (attr smd)
    (fp_text reference R2 (at -2.79 0.02 90) (layer F.SilkS)
      (effects (font (size 1 1) (thickness 0.15)))
    )
    (fp_text value 4.7K (at 0 1.43 90) (layer F.Fab)
      (effects (font (size 1 1) (thickness 0.15)))
    )
    (fp_text user %R (at 0 0 90) (layer F.Fab)
      (effects (font (size 0.4 0.4) (thickness 0.06)))
    )
    (fp_line (start 1.65 0.73) (end -1.65 0.73) (layer F.CrtYd) (width 0.05))
    (fp_line (start 1.65 -0.73) (end 1.65 0.73) (layer F.CrtYd) (width 0.05))
    (fp_line (start -1.65 -0.73) (end 1.65 -0.73) (layer F.CrtYd) (width 0.05))
    (fp_line (start -1.65 0.73) (end -1.65 -0.73) (layer F.CrtYd) (width 0.05))
    (fp_line (start -0.171267 0.51) (end 0.171267 0.51) (layer F.SilkS) (width 0.12))
    (fp_line (start -0.171267 -0.51) (end 0.171267 -0.51) (layer F.SilkS) (width 0.12))
    (fp_line (start 0.8 0.4) (end -0.8 0.4) (layer F.Fab) (width 0.1))
    (fp_line (start 0.8 -0.4) (end 0.8 0.4) (layer F.Fab) (width 0.1))
    (fp_line (start -0.8 -0.4) (end 0.8 -0.4) (layer F.Fab) (width 0.1))
    (fp_line (start -0.8 0.4) (end -0.8 -0.4) (layer F.Fab) (width 0.1))
    (pad 2 smd roundrect (at 0.875 0 270) (size 1.05 0.95) (layers F.Cu F.Paste F.Mask) (roundrect_rratio 0.25)
      (net 36 /Teensy2.0++/TP_DATA))
    (pad 1 smd roundrect (at -0.875 0 270) (size 1.05 0.95) (layers F.Cu F.Paste F.Mask) (roundrect_rratio 0.25)
      (net 2 +5V))
    (model ${KISYS3DMOD}/Resistor_SMD.3dshapes/R_0603_1608Metric.wrl
      (at (xyz 0 0 0))
      (scale (xyz 1 1 1))
      (rotate (xyz 0 0 0))
    )
  )

  (module Resistor_SMD:R_0603_1608Metric_Pad1.05x0.95mm_HandSolder (layer F.Cu) (tedit 5B301BBD) (tstamp 5D48D13C)
    (at 175.732 88.9 270)
    (descr "Resistor SMD 0603 (1608 Metric), square (rectangular) end terminal, IPC_7351 nominal with elongated pad for handsoldering. (Body size source: http://www.tortai-tech.com/upload/download/2011102023233369053.pdf), generated with kicad-footprint-generator")
    (tags "resistor handsolder")
    (path /5D4876A5/5D48D013)
    (attr smd)
    (fp_text reference R3 (at 2.544 -0.01556 90) (layer F.SilkS)
      (effects (font (size 1 1) (thickness 0.15)))
    )
    (fp_text value 100K (at 0 1.43 90) (layer F.Fab)
      (effects (font (size 1 1) (thickness 0.15)))
    )
    (fp_line (start -0.8 0.4) (end -0.8 -0.4) (layer F.Fab) (width 0.1))
    (fp_line (start -0.8 -0.4) (end 0.8 -0.4) (layer F.Fab) (width 0.1))
    (fp_line (start 0.8 -0.4) (end 0.8 0.4) (layer F.Fab) (width 0.1))
    (fp_line (start 0.8 0.4) (end -0.8 0.4) (layer F.Fab) (width 0.1))
    (fp_line (start -0.171267 -0.51) (end 0.171267 -0.51) (layer F.SilkS) (width 0.12))
    (fp_line (start -0.171267 0.51) (end 0.171267 0.51) (layer F.SilkS) (width 0.12))
    (fp_line (start -1.65 0.73) (end -1.65 -0.73) (layer F.CrtYd) (width 0.05))
    (fp_line (start -1.65 -0.73) (end 1.65 -0.73) (layer F.CrtYd) (width 0.05))
    (fp_line (start 1.65 -0.73) (end 1.65 0.73) (layer F.CrtYd) (width 0.05))
    (fp_line (start 1.65 0.73) (end -1.65 0.73) (layer F.CrtYd) (width 0.05))
    (fp_text user %R (at 0 0 90) (layer F.Fab)
      (effects (font (size 0.4 0.4) (thickness 0.06)))
    )
    (pad 1 smd roundrect (at -0.875 0 270) (size 1.05 0.95) (layers F.Cu F.Paste F.Mask) (roundrect_rratio 0.25)
      (net 1 /t430-connector/TP_RST))
